2.8563414635720725e-11  0.33329474602279463
5.046590642825704e-11  0.3329040941782493
8.916155272267418e-11  0.3326547127144537
1.5753560160647227e-10  0.3320433258999869
2.737503480697244e-10  0.3306856586783237
4.5244799986221607e-10  0.3285437936868531
6.878226812480863e-10  0.3257034251461201
1.0112612545039751e-9  0.32255804992917125
1.5895928983382686e-9  0.32012716928375023
2.4969147958026226e-9  0.32281586837403947
3.373170992339954e-9  0.32646594183665967
4.633929009942712e-9  0.33000118406270523
7.527337972835864e-9  0.3320996868956402
1.3080562401624936e-8  0.3305902030668866
1.9885090203620137e-8  0.3278619188386581
2.9235359624846688e-8  0.32481734592464007
4.2983753577794764e-8  0.32152039936167853
6.010305193235545e-8  0.3181404564500266
8.404283023035736e-8  0.31455964471574616
1.1176299663020495e-7  0.31094734145909025
1.4135330721269912e-7  0.3070121765197627
1.6720182467020255e-7  0.30298793275701796
1.9126981354172085e-7  0.2988043673982055
2.1159705863840893e-7  0.29467338601444987
2.3020421198957574e-7  0.2903744498446918
2.462884456241947e-7  0.286131236991785
2.6349573122774955e-7  0.28190862606940426
2.77226995656573e-7  0.2776534444759062
2.8682873611186976e-7  0.27348636066151455
3.0177726691008066e-7  0.2691988046057613
3.175089623548482e-7  0.26481706829617496
3.2850268602012673e-7  0.26072061967215815
3.4562242318623485e-7  0.2564477792810664
3.6363522615959126e-7  0.25215728009238086
4.0832987546301486e-7  0.24768703178497914
4.303952254191058e-7  0.2436565311396302
5.347906658854721e-7  0.24681117722531573
5.526787020158522e-7  0.25101436347034345
5.906098912395115e-7  0.25521794213309545
6.311390098975733e-7  0.25948332658742546
6.632570825151793e-7  0.2637131972377058
7.087602817720213e-7  0.26809336387639493
7.203126164124623e-7  0.27225809318444083
7.444040129586469e-7  0.27648188135999446
7.69303336617104e-7  0.2806850676050222
7.950153054960534e-7  0.28507367122478383
8.216098294954822e-7  0.2892562555392856
8.634120764236729e-7  0.2935597045128731
9.07353235749826e-7  0.2977660300996952
9.85988820282396e-7  0.30200217943356455
0.000001121882425513275  0.3064316435488694
0.0000015480798998002603  0.3079908663241786
0.0000020586744495512192  0.30443006789383775
0.0000030759244096667627  0.3057945043212452
0.000003634388811782627  0.309822672261233
0.000004016053611836556  0.3140089845441156
0.0000045888799189845305  0.31819568924472247
0.000005070755915109262  0.3224173191227925
0.000005794102906037826  0.3264980710378371
0.000006961594321298758  0.33057278953037056
0.000010057062858131344  0.3333892696421365
0.000018371974913324695  0.33371051260169543
0.000032459621186934406  0.3333257470230147
0.00005735207543957276  0.33263710296907545
0.00009801033122355492  0.3310055281758476
0.00014652690119532107  0.32804355919279565
0.0001981505620780023  0.324246034770268
0.00024644867077899596  0.320432077855535
0.0003014412608039572  0.3163729089153271
0.0003565659255128869  0.3123133475573949
0.0004078812090528003  0.3083240289721133
0.0004989055375732862  0.30412358965115577
0.0005901362760436622  0.3001170046860047
0.0008251623505463369  0.2968226578904667
0.00107802905301118  0.30054787934729127
0.0011912381135376561  0.3047341916301739
0.0013163262489916947  0.3089734803058376
0.001454549492744857  0.31321276898150135
0.001554384985333897  0.3173810300490659
0.00171761017893078  0.32160265992713594
0.001897970975212956  0.32584194860279964
0.0022053510335555233  0.32983681008843707
0.0032397945514523914  0.33252325277681155
0.0058204195511516585  0.33248008682713803
0.009944323083622591  0.3325584722675679