2.212836214755343e-11  0.33329837588674444
3.733704865068804e-11  0.3330081205495286
6.596715021012208e-11  0.3326211074875177
9.534516641952329e-11  0.33193469753903165
1.378019237306893e-10  0.3314895174679773
1.9917490656239063e-10  0.3306622652308044
2.8791001555778335e-10  0.3291158183279967
4.1619832541712325e-10  0.32720977409237156
6.016916494587645e-10  0.324798046107472
8.698811160080606e-10  0.32218029881731247
1.2573390373846346e-9  0.32113204405267887
1.8167281089026513e-9  0.3226871241454213
2.5006090343690176e-9  0.3255988676235776
3.3161536156176343e-9  0.3287199401928504
4.685194309082457e-9  0.33114586656450207
6.658489471455007e-9  0.33135486170417133
9.67792457887468e-9  0.33046056252051176
1.3990647962643221e-8  0.3283522447851769
1.9890717127648055e-8  0.3257976053999532
2.7348486489203605e-8  0.3230859989250077
3.636398717648047e-8  0.3204677388162312
4.754899949001332e-8  0.3178286805680665
6.144085350799379e-8  0.3145427287088449
7.500773232899292e-8  0.3116955750363236
8.993041842817715e-8  0.30905353352159576
1.0616189244568656e-7  0.3061258792884358
1.1962989857549038e-7  0.30316059655571204
1.331358701795131e-7  0.29989175691225384
1.4576220711420446e-7  0.29664239099836426
1.61911158834907e-7  0.2933301401441548
1.732123841996497e-7  0.28956763900352134
1.8684809921820757e-7  0.2862619120939785
1.9820744162904818e-7  0.28310608875512006
2.0332614693164172e-7  0.28026773135522415
2.1860241421174694e-7  0.2768630759373841
2.3466194509822702e-7  0.27256895937076725
2.4278470657969435e-7  0.26854434994605214
2.605907442402549e-7  0.2650911132139432
2.6868553621348805e-7  0.2617292313280523
2.8742394277126656e-7  0.25836160052250046
3.0746751077266346e-7  0.25503370201153436
3.191086126978743e-7  0.2526642043181603
3.561908919843062e-7  0.2505602298049132
4.1074113003858077e-7  0.25088578676533196
4.338013747160466e-7  0.2523439169334925
4.519182098761524e-7  0.2540095898555301
4.7495115460723417e-7  0.2576979240462701
5.058144894330449e-7  0.262435053467873
5.453770150045294e-7  0.26663049600314104
5.625750495429144e-7  0.27079245658613205
5.793123501709006e-7  0.27400670656394255
6.253870033633114e-7  0.2774316499781292
6.29304305898059e-7  0.28072391695972837
6.614512032158264e-7  0.2836058327270221
6.861940745398952e-7  0.2870566015876649
7.006917247464922e-7  0.2905651893848117
7.505056686232056e-7  0.29463942404412824
8.009058405788556e-7  0.2990624910568592
8.587240511717603e-7  0.3027510596081845
9.440025623019002e-7  0.3054577538541169
0.0000012044493320257567  0.30734551753939027
0.0000017410316758983682  0.30586649513648584
0.0000024328484382321493  0.30725449446452086
0.0000028749106099543567  0.31038279951046244
0.000003252595202123524  0.3135579788535722
0.0000035707280368068578  0.3166277351750475
0.000003946301311012872  0.31971611171754105
0.000004217839895031427  0.32271241725146965
0.00000474030168133395  0.3255845225756558
0.000005417331167022112  0.32855806788157466
0.000006295532581638693  0.3315629085010069
0.000008227416219757493  0.3329372780020608
0.00001382218146868197  0.3336584815788865
0.00002442089800638724  0.3333167927640328
0.00003649892287933844  0.33248993294458423
0.000052753347747980275  0.33182000454051896
0.00007703874625889419  0.3308874142140792
0.00010302213743211376  0.3335247028092372
0.00010660887915984004  0.32808618556809827
0.00013941533242152135  0.3246529228981564
0.00017102338374179417  0.32148411410005734
0.00020506094884994124  0.3183903284359776
0.000238497349088581  0.31545631921578243
0.0002727801551099565  0.31255301668251406
0.0003119935866326907  0.3095879083576677
0.00035684488925932946  0.30660734858492683
0.0004096741478454558  0.3034620169699474
0.0005093024313733984  0.3001929767574301
0.0007236350441724959  0.29993317481933723
0.0008561578215260258  0.3025693211496159
0.000942263758269089  0.3056143845857893
0.0010588994143043767  0.3090521600595607
0.0011508219931736924  0.3123164868991894
0.0012487486890978194  0.3160123127010297
0.001359151105043278  0.3196397864701638
0.001477139112304673  0.32290058155027374
0.0016053937571837494  0.32605189208530266
0.0017942600550541101  0.32873733737862787
0.0022925312712716375  0.3319324842436093
0.003331322861612587  0.3328031774201489
0.004604484980225606  0.33247218942043644
0.00773619224329466  0.33263780307797
0.010932780978172485  0.3332085449293557